,Flow_Rate_(mLpm),Times_(s)
0,-2.0,0.0
1,-3.0,0.03248786926269531
2,-2.0,0.0642850399017334
3,-2.0,0.09595179557800293
4,-2.0,0.12794089317321777
5,-2.0,0.1598050594329834
6,-3.0,0.1917130947113037
7,-3.0,0.22410988807678223
8,-2.0,0.2561380863189697
9,-2.0,0.2878119945526123
10,-2.0,0.3200700283050537
11,-2.0,0.35205602645874023
12,-2.0,0.38402795791625977
13,-2.0,0.4160130023956299
14,-2.0,0.44773197174072266
15,-2.0,0.4798319339752197
16,-2.0,0.5117390155792236
17,-3.0,0.5435459613800049
18,-3.0,0.5756149291992188
19,-2.0,0.6076970100402832
20,-2.0,0.6401140689849854
21,-3.0,0.672065019607544
22,-3.0,0.7193291187286377
23,-2.0,0.7517709732055664
24,-3.0,0.7840220928192139
25,-3.0,0.8157508373260498
26,-2.0,0.847761869430542
27,-3.0,0.8796911239624023
28,-3.0,0.9113140106201172
29,-3.0,0.9436328411102295
30,-4.0,0.9756159782409668
31,-3.0,1.0077059268951416
32,-1.0,1.039581060409546
33,-0.0,1.0715301036834717
34,16.0,1.118988037109375
35,63.0,1.1514840126037598
36,135.0,1.1834890842437744
37,213.0,1.2154619693756104
38,279.0,1.2470858097076416
39,335.0,1.2794420719146729
40,370.0,1.3113360404968262
41,403.0,1.343397855758667
42,436.0,1.3753328323364258
43,461.0,1.4227228164672852
44,472.0,1.4553279876708984
45,480.0,1.4873380661010742
46,484.0,1.5193228721618652
47,489.0,1.5511817932128906
48,495.0,1.5832850933074951
49,496.0,1.6152660846710205
50,491.0,1.6471829414367676
51,483.0,1.6791818141937256
52,470.0,1.7111260890960693
53,454.0,1.7431120872497559
54,413.0,1.775158166885376
55,0.0,1.822618007659912
56,-4.0,1.8549518585205078
57,-4.0,1.8868968486785889
58,-4.0,1.9189188480377197
59,-4.0,1.9509809017181396
60,-7.0,1.9828839302062988
61,3.0,2.0149059295654297
62,85.0,2.0469770431518555
63,144.0,2.0788919925689697
64,124.0,2.1109488010406494
65,139.0,2.142888069152832
66,130.0,2.1748218536376953
67,176.0,2.2222018241882324
68,192.0,2.254836082458496
69,261.0,2.2867319583892822
70,326.0,2.318690776824951
71,337.0,2.3506901264190674
72,329.0,2.382690906524658
73,347.0,2.414620876312256
74,367.0,2.4465749263763428
75,366.0,2.478559970855713
76,364.0,2.5106019973754883
77,377.0,2.5424981117248535
78,395.0,2.5745439529418945
79,411.0,2.621933937072754
80,427.0,2.6544411182403564
81,442.0,2.6864421367645264
82,456.0,2.71842098236084
83,471.0,2.7503819465637207
84,481.0,2.782381057739258
85,494.0,2.814332962036133
86,505.0,2.846337080001831
87,518.0,2.8783090114593506
88,529.0,2.910367965698242
89,536.0,2.942322015762329
90,542.0,2.9743340015411377
91,553.0,3.0216619968414307
92,561.0,3.054145097732544
93,565.0,3.0861258506774902
94,569.0,3.1180989742279053
95,574.0,3.150096893310547
96,577.0,3.1821200847625732
97,581.0,3.214087963104248
98,584.0,3.245709180831909
99,585.0,3.2774531841278076
100,586.0,3.3100359439849854
101,586.0,3.341939926147461
102,586.0,3.3738958835601807
103,589.0,3.4213578701019287
104,587.0,3.4537978172302246
105,587.0,3.485814094543457
106,586.0,3.5177831649780273
107,583.0,3.5497779846191406
108,580.0,3.5817558765411377
109,579.0,3.613739013671875
110,578.0,3.6458518505096436
111,573.0,3.677743911743164
112,570.0,3.709765911102295
113,567.0,3.7416510581970215
114,562.0,3.77361798286438
115,555.0,3.8210649490356445
116,552.0,3.8535430431365967
117,548.0,3.8855340480804443
118,546.0,3.917529821395874
119,542.0,3.9494619369506836
120,538.0,3.9814670085906982
121,537.0,4.013454914093018
122,535.0,4.045425891876221
123,531.0,4.07750678062439
124,529.0,4.125240087509155
125,526.0,4.1573357582092285
126,521.0,4.189353942871094
127,513.0,4.2214789390563965
128,496.0,4.253391981124878
129,446.0,4.285300970077515
130,351.0,4.3173089027404785
131,220.0,4.349236011505127
132,99.0,4.381199836730957
133,14.0,4.413043022155762
134,-35.0,4.445162057876587
135,-57.0,4.477148056030273
136,-54.0,4.509171009063721
137,-26.0,4.541100025177002
138,-3.0,4.573096036911011
139,-3.0,4.62053108215332
140,-2.0,4.653061866760254
141,-3.0,4.68502402305603
142,-3.0,4.717010021209717
143,-3.0,4.748991966247559
144,-3.0,4.780963897705078
145,-2.0,4.812984943389893
146,-2.0,4.844954967498779
147,-3.0,4.876929998397827
148,18.0,4.908958911895752
149,69.0,4.941356182098389
150,162.0,4.972779035568237
151,259.0,5.0203070640563965
152,308.0,5.05284309387207
153,337.0,5.084462881088257
154,353.0,5.116643905639648
155,366.0,5.148613929748535
156,377.0,5.180749893188477
157,389.0,5.2123799324035645
158,398.0,5.24469518661499
159,408.0,5.276705026626587
160,414.0,5.308728933334351
161,418.0,5.340759754180908
162,419.0,5.372640132904053
163,420.0,5.420111894607544
164,417.0,5.45257306098938
165,416.0,5.484572887420654
166,417.0,5.516530990600586
167,416.0,5.5485310554504395
168,414.0,5.5804901123046875
169,410.0,5.612534046173096
170,379.0,5.644466876983643
171,271.0,5.67651104927063
172,159.0,5.708513975143433
173,62.0,5.740432977676392
174,-1.0,5.772403001785278
175,-5.0,5.81984281539917
176,-4.0,5.852492094039917
177,-3.0,5.884326934814453
178,-3.0,5.916366815567017
179,-3.0,5.948315858840942
180,-3.0,5.980358839035034
181,-3.0,6.012326002120972
182,-3.0,6.044314861297607
183,-2.0,6.076315879821777
184,27.0,6.108288049697876
185,93.0,6.140210866928101
186,206.0,6.172214031219482
187,307.0,6.219726800918579
188,359.0,6.252166986465454
189,387.0,6.28415584564209
190,404.0,6.316138982772827
191,416.0,6.3481621742248535
192,428.0,6.380126953125
193,435.0,6.412070989608765
194,441.0,6.444090843200684
195,445.0,6.47604513168335
196,449.0,6.508147954940796
197,450.0,6.54004693031311
198,454.0,6.5720179080963135
199,457.0,6.619519948959351
200,459.0,6.651981830596924
201,459.0,6.683957099914551
202,459.0,6.715935945510864
203,458.0,6.747936964035034
204,457.0,6.779916048049927
205,458.0,6.811941862106323
206,463.0,6.843890905380249
207,471.0,6.8758721351623535
208,475.0,6.9079749584198
209,476.0,6.9398720264434814
210,479.0,6.971918821334839
211,481.0,7.019374847412109
212,485.0,7.051839113235474
213,485.0,7.083760976791382
214,484.0,7.115749835968018
215,483.0,7.1477649211883545
216,480.0,7.179788112640381
217,476.0,7.2116920948028564
218,475.0,7.243721961975098
219,474.0,7.27570104598999
220,473.0,7.307792901992798
221,473.0,7.339640855789185
222,473.0,7.371640920639038
223,474.0,7.419195890426636
224,475.0,7.451035022735596
225,474.0,7.482959985733032
226,474.0,7.514928817749023
227,473.0,7.546900987625122
228,474.0,7.579102993011475
229,474.0,7.611509084701538
230,473.0,7.643485069274902
231,474.0,7.675583124160767
232,474.0,7.7075300216674805
233,475.0,7.739434003829956
234,476.0,7.771420001983643
235,482.0,7.818940877914429
236,486.0,7.8513569831848145
237,488.0,7.88333797454834
238,493.0,7.915342807769775
239,499.0,7.947343826293945
240,502.0,7.9793219566345215
241,505.0,8.011345863342285
242,506.0,8.043256044387817
243,505.0,8.075224876403809
244,492.0,8.122545003890991
245,452.0,8.15487003326416
246,354.0,8.187159776687622
247,251.0,8.218858003616333
248,148.0,8.251122951507568
249,-1.0,8.282855987548828
250,-2.0,8.31505298614502
251,-2.0,8.347066879272461
252,-3.0,8.379009008407593
253,-3.0,8.411488056182861
254,-3.0,8.443049907684326
255,-3.0,8.475038051605225
256,-2.0,8.507050037384033
257,-3.0,8.539000034332275
258,-3.0,8.570964097976685
259,-3.0,8.618515968322754
260,-3.0,8.650880098342896
261,-3.0,8.682858943939209
262,-2.0,8.714986085891724
263,-3.0,8.746851921081543
264,-3.0,8.778811931610107
265,-2.0,8.810786962509155
266,-3.0,8.84276795387268
267,-2.0,8.874748945236206
268,-3.0,8.906802892684937
269,-2.0,8.938674926757812
270,-2.0,8.970679998397827
271,-2.0,9.018225908279419
272,-2.0,9.050617933273315
273,-2.0,9.08259105682373
274,-2.0,9.11457109451294
275,-2.0,9.14654803276062
276,-2.0,9.178559064865112
277,-2.0,9.210530042648315
278,-2.0,9.24220609664917
279,-2.0,9.274273157119751
280,-3.0,9.306545972824097
281,-2.0,9.338450908660889
282,-2.0,9.370446920394897
283,-2.0,9.417789936065674
284,-2.0,9.450361967086792
285,-3.0,9.482332944869995
286,-2.0,9.51432991027832
287,-3.0,9.546324014663696
288,-3.0,9.578103065490723
289,-2.0,9.61026382446289
290,-2.0,9.641975164413452
291,-2.0,9.673880815505981
292,-3.0,9.721559762954712
293,-2.0,9.75389289855957
294,-2.0,9.786103010177612
295,-3.0,9.817843914031982
296,-2.0,9.850120067596436
297,-2.0,9.882125854492188
298,-2.0,9.913728952407837
299,-2.0,9.945481061935425
300,-2.0,9.9776451587677
